Associations:
1 [(6, 2), (22, 5), (2, 1), (21, 11), (0, 9)]
2 [(2, 4), (6, 1), (49, 2), (61, 7)]
3 [(5, 12), (2, 8), (32, 11), (4, 2), (3, 1), (18, 15), (43, 4), (7, 15)]
4 [(1, 1), (2, 13), (10, 2), (5, 9), (17, 4), (24, 14), (60, 15), (4, 12), (8, 7), (6, 11), (7, 8)]
5 [(163, 12), (1, 6), (31, 5), (15, 2), (69, 9), (57, 3), (257, 3)]
6 [(5, 2), (2, 9), (23, 11), (3, 8), (1, 1), (11, 14), (8, 15), (80, 6), (20, 6), (52, 16)]
7 [(8, 6), (2, 10), (7, 5), (22, 3), (4, 1), (1, 2), (13, 9), (102, 1), (71, 4)]
8 [(14, 3)]
10 [(7, 4), (3, 10), (25, 3), (33, 8), (30, 1)]

Inclusions:
Automatic

Manual

Remainders:
Automatic
Manual
