Associations: (Movie: [('Automatic', 'Manual'),])
{
  1: [(17, 10), (3, 7), (45, 5), (7, 13), (67, 11), (2, 3), (73, 13), (82, 6), (5, 1), (31, 5), (8, 4), (19, 8), (88, 13), (6, 8), (78, 6), (26, 5), (64, 11), (79, 6), (54, 5), (55, 13), (4, 10), (62, 11), (22, 5), (39, 13), (28, 5), (59, 11), (80, 6), (16, 10), (76, 7), (81, 6), (42, 13), (44, 13), (87, 7), (70, 13), (60, 11)],
  2: [(4, 1), (10, 11), (15, 9), (0, 3), (24, 6), (3, 5), (1, 11), (21, 6), (28, 5), (65, 6), (2, 1), (33, 5), (51, 5), (52, 5), (7, 6), (20, 6), (22, 6), (6, 9), (35, 5), (34, 5), (5, 9), (8, 6), (23, 5), (14, 9), (26, 5), (16, 6), (18, 6), (17, 6)],
  3: [(5, 18), (13, 14), (7, 16), (47, 2), (10, 4), (6, 6), (114, 4), (19, 5), (8, 11), (27, 12), (98, 5), (159, 7), (189, 5), (194, 9), (111, 1), (198, 16), (100, 10), (208, 1), (219, 12), (220, 4), (3, 20), (83, 1), (185, 1), (1, 5), (70, 1), (197, 1), (61, 1), (150, 10), (101, 1), (106, 1), (211, 12), (60, 9), (201, 1), (81, 1), (48, 9), (63, 9), (123, 12), (195, 16), (179, 12), (164, 1), (166, 12), (168, 1), (170, 1), (171, 12), (205, 1), (202, 1), (186, 5), (183, 12), (40, 1), (38, 1), (36, 1), (29, 1), (188, 12), (158, 12), (26, 1), (191, 1), (193, 12), (200, 10), (214, 12), (217, 12), (41, 1), (57, 1), (184, 12), (51, 1), (52, 1), (128, 5), (182, 1), (180, 1), (175, 12), (173, 1), (89, 9), (90, 9), (93, 9), (94, 9), (96, 9), (167, 1), (161, 12), (222, 5)],
  4: [(3, 13), (5, 6), (12, 8), (10, 1), (22, 11), (2, 17), (11, 16), (52, 15), (40, 15), (6, 10), (7, 9), (72, 1), (63, 1), (17, 9), (53, 16), (47, 3), (67, 1), (26, 3), (16, 1), (50, 15), (38, 15), (49, 1), (37, 15), (70, 1), (58, 3), (39, 15), (14, 1), (29, 3), (30, 3), (71, 1), (34, 3), (33, 15)],
  5: [(7, 10), (16, 13), (6, 21), (145, 19), (222, 17), (220, 2), (25, 2), (28, 4), (26, 18), (209, 8), (32, 8), (41, 12), (232, 7), (17, 6), (108, 6), (371, 7), (149, 8), (317, 8), (143, 12), (125, 17), (212, 18), (424, 8), (81, 15), (130, 14), (148, 8), (361, 21), (206, 2), (327, 21), (2, 12), (29, 17), (42, 17), (446, 2), (115, 17), (339, 21), (119, 17), (83, 17), (137, 6), (409, 8), (362, 7), (111, 14), (127, 14), (191, 8), (196, 8), (10, 8), (393, 8), (105, 17), (114, 19), (112, 14), (135, 19), (116, 14), (146, 8), (123, 19), (21, 15), (106, 14), (401, 8), (199, 2), (351, 21), (53, 15), (450, 2), (74, 15), (62, 15), (204, 18), (311, 8), (55, 17), (175, 18), (69, 15), (47, 15), (77, 17), (207, 8), (37, 15), (419, 8), (86, 17), (93, 17)],
  6: [(1, 21), (12, 13), (0, 5), (39, 1), (45, 3), (140, 19), (157, 15), (156, 8), (3, 6), (2, 7), (146, 10), (197, 3), (212, 5), (206, 5), (190, 3), (182, 17), (210, 17), (181, 17), (183, 17), (193, 8), (196, 3), (199, 17), (201, 5), (211, 5), (213, 17)],
  7: [(3, 4), (57, 5), (59, 7), (7, 11), (75, 14), (81, 25), (6, 9), (99, 20), (9, 13), (138, 16), (145, 9), (68, 16), (98, 13), (5, 5), (31, 20), (139, 27), (166, 27), (64, 20), (45, 27), (10, 27), (125, 9), (112, 27), (108, 27), (72, 27), (202, 16), (96, 27), (88, 27), (152, 20), (121, 9), (106, 27), (67, 27), (159, 27), (18, 20), (158, 20), (24, 20), (49, 1), (19, 5), (129, 27), (103, 27), (196, 20), (127, 27), (165, 20), (211, 20), (193, 20), (86, 27), (189, 20), (188, 20), (90, 13), (8, 7), (44, 27), (83, 27), (16, 20), (95, 13), (97, 13), (136, 27), (85, 1), (104, 27), (52, 1), (17, 20), (82, 27), (54, 1), (198, 20), (191, 20), (41, 1), (42, 27), (43, 27), (55, 1), (169, 20), (47, 1), (80, 27)],
  8: [(32, 4), (88, 3), (33, 3), (190, 5), (166, 5), (187, 5), (135, 5), (218, 4), (153, 5), (142, 5), (161, 5)],
  9: [(26, 1), (46, 5), (2, 13), (32, 4), (121, 11), (30, 7), (155, 7), (201, 2), (177, 9), (119, 2), (7, 2), (81, 2), (85, 11), (12, 5), (75, 2), (3, 1), (196, 2), (11, 7), (18, 4), (70, 2), (65, 2), (143, 4), (68, 2), (27, 7), (8, 4), (153, 7), (227, 16), (28, 4), (115, 2), (223, 16), (43, 5), (113, 2), (120, 11), (56, 2), (74, 2), (215, 11), (40, 5)],
  10: [(103, 1), (193, 9), (246, 11), (12, 7), (264, 2), (5, 1), (226, 5), (147, 8), (87, 1), (84, 2), (75, 2), (97, 1), (96, 1), (160, 8), (101, 1), (137, 8), (189, 9), (181, 8), (143, 8), (259, 2), (2, 2), (253, 2), (34, 2), (169, 8), (60, 2), (121, 8), (200, 2), (80, 1), (98, 1), (118, 8), (129, 8)],
  11: [(18, 2), (17, 7), (14, 1), (248, 5), (81, 4)],
  12: [(18, 4), (9, 17), (58, 14), (45, 16), (10, 1), (6, 7), (7, 8), (146, 5), (232, 2), (234, 11), (36, 11), (142, 2), (228, 11), (179, 11), (241, 1), (61, 2), (62, 2), (110, 2), (242, 8), (85, 5), (324, 8), (293, 8), (3, 11), (24, 16), (136, 5), (93, 5), (306, 8), (236, 8), (201, 2), (299, 8), (80, 5), (313, 8), (290, 1), (162, 2), (311, 8), (279, 1), (159, 2), (25, 11), (173, 2), (28, 5), (283, 8), (253, 8), (276, 8), (138, 2), (134, 2), (133, 2), (257, 8), (266, 8), (304, 8), (291, 8), (322, 8), (119, 2), (118, 5), (113, 5), (239, 8), (107, 2), (105, 5), (229, 2), (224, 2), (221, 2), (194, 2), (166, 2), (317, 8), (315, 8), (185, 2), (180, 2), (124, 5), (303, 8), (174, 11), (298, 8), (167, 11), (129, 5)],
}

Inclusions: [(Movie,Trackn),]
 Automatic:
  [(1, 17), (1, 3), (1, 45), (1, 7), (1, 67), (1, 2), (1, 73), (1, 82), (1, 5), (1, 31), (1, 8), (1, 19), (1, 88), (1, 6), (1, 78), (1, 26), (1, 64), (1, 79), (1, 54), (1, 55), (1, 4), (1, 62), (1, 22), (1, 39), (1, 28), (1, 59), (1, 80), (1, 16), (1, 76), (1, 81), (1, 42), (1, 44), (1, 87), (1, 70), (1, 60), (2, 4), (2, 10), (2, 15), (2, 0), (2, 24), (2, 3), (2, 1), (2, 21), (2, 28), (2, 65), (2, 2), (2, 33), (2, 51), (2, 52), (2, 7), (2, 20), (2, 22), (2, 6), (2, 35), (2, 34), (2, 5), (2, 8), (2, 23), (2, 14), (2, 26), (2, 16), (2, 18), (2, 17), (3, 5), (3, 13), (3, 7), (3, 47), (3, 10), (3, 6), (3, 114), (3, 19), (3, 8), (3, 27), (3, 98), (3, 159), (3, 189), (3, 194), (3, 111), (3, 198), (3, 100), (3, 208), (3, 219), (3, 220), (3, 3), (3, 83), (3, 185), (3, 1), (3, 70), (3, 197), (3, 61), (3, 150), (3, 101), (3, 106), (3, 211), (3, 60), (3, 201), (3, 81), (3, 48), (3, 63), (3, 123), (3, 195), (3, 179), (3, 164), (3, 166), (3, 168), (3, 170), (3, 171), (3, 205), (3, 202), (3, 186), (3, 183), (3, 40), (3, 38), (3, 36), (3, 29), (3, 188), (3, 158), (3, 26), (3, 191), (3, 193), (3, 200), (3, 214), (3, 217), (3, 41), (3, 57), (3, 184), (3, 51), (3, 52), (3, 128), (3, 182), (3, 180), (3, 175), (3, 173), (3, 89), (3, 90), (3, 93), (3, 94), (3, 96), (3, 167), (3, 161), (3, 222), (4, 3), (4, 5), (4, 12), (4, 10), (4, 22), (4, 2), (4, 11), (4, 52), (4, 40), (4, 6), (4, 7), (4, 72), (4, 63), (4, 17), (4, 53), (4, 47), (4, 67), (4, 26), (4, 16), (4, 50), (4, 38), (4, 49), (4, 37), (4, 70), (4, 58), (4, 39), (4, 14), (4, 29), (4, 30), (4, 71), (4, 34), (4, 33), (5, 7), (5, 16), (5, 6), (5, 145), (5, 222), (5, 220), (5, 25), (5, 28), (5, 26), (5, 209), (5, 32), (5, 41), (5, 232), (5, 17), (5, 108), (5, 371), (5, 149), (5, 317), (5, 143), (5, 125), (5, 212), (5, 424), (5, 81), (5, 130), (5, 148), (5, 361), (5, 206), (5, 327), (5, 2), (5, 29), (5, 42), (5, 446), (5, 115), (5, 339), (5, 119), (5, 83), (5, 137), (5, 409), (5, 362), (5, 111), (5, 127), (5, 191), (5, 196), (5, 10), (5, 393), (5, 105), (5, 114), (5, 112), (5, 135), (5, 116), (5, 146), (5, 123), (5, 21), (5, 106), (5, 401), (5, 199), (5, 351), (5, 53), (5, 450), (5, 74), (5, 62), (5, 204), (5, 311), (5, 55), (5, 175), (5, 69), (5, 47), (5, 77), (5, 207), (5, 37), (5, 419), (5, 86), (5, 93), (6, 1), (6, 12), (6, 0), (6, 39), (6, 45), (6, 140), (6, 157), (6, 156), (6, 3), (6, 2), (6, 146), (6, 197), (6, 212), (6, 206), (6, 190), (6, 182), (6, 210), (6, 181), (6, 183), (6, 193), (6, 196), (6, 199), (6, 201), (6, 211), (6, 213), (7, 3), (7, 57), (7, 59), (7, 7), (7, 75), (7, 81), (7, 6), (7, 99), (7, 9), (7, 138), (7, 145), (7, 68), (7, 98), (7, 5), (7, 31), (7, 139), (7, 166), (7, 64), (7, 45), (7, 10), (7, 125), (7, 112), (7, 108), (7, 72), (7, 202), (7, 96), (7, 88), (7, 152), (7, 121), (7, 106), (7, 67), (7, 159), (7, 18), (7, 158), (7, 24), (7, 49), (7, 19), (7, 129), (7, 103), (7, 196), (7, 127), (7, 165), (7, 211), (7, 193), (7, 86), (7, 189), (7, 188), (7, 90), (7, 8), (7, 44), (7, 83), (7, 16), (7, 95), (7, 97), (7, 136), (7, 85), (7, 104), (7, 52), (7, 17), (7, 82), (7, 54), (7, 198), (7, 191), (7, 41), (7, 42), (7, 43), (7, 55), (7, 169), (7, 47), (7, 80), (8, 32), (8, 88), (8, 33), (8, 190), (8, 166), (8, 187), (8, 135), (8, 218), (8, 153), (8, 142), (8, 161), (9, 26), (9, 46), (9, 2), (9, 32), (9, 121), (9, 30), (9, 155), (9, 201), (9, 177), (9, 119), (9, 7), (9, 81), (9, 85), (9, 12), (9, 75), (9, 3), (9, 196), (9, 11), (9, 18), (9, 70), (9, 65), (9, 143), (9, 68), (9, 27), (9, 8), (9, 153), (9, 227), (9, 28), (9, 115), (9, 223), (9, 43), (9, 113), (9, 120), (9, 56), (9, 74), (9, 215), (9, 40), (10, 103), (10, 193), (10, 246), (10, 12), (10, 264), (10, 5), (10, 226), (10, 147), (10, 87), (10, 84), (10, 75), (10, 97), (10, 96), (10, 160), (10, 101), (10, 137), (10, 189), (10, 181), (10, 143), (10, 259), (10, 2), (10, 253), (10, 34), (10, 169), (10, 60), (10, 121), (10, 200), (10, 80), (10, 98), (10, 118), (10, 129), (11, 18), (11, 17), (11, 14), (11, 248), (11, 81), (12, 18), (12, 9), (12, 58), (12, 45), (12, 10), (12, 6), (12, 7), (12, 146), (12, 232), (12, 234), (12, 36), (12, 142), (12, 228), (12, 179), (12, 241), (12, 61), (12, 62), (12, 110), (12, 242), (12, 85), (12, 324), (12, 293), (12, 3), (12, 24), (12, 136), (12, 93), (12, 306), (12, 236), (12, 201), (12, 299), (12, 80), (12, 313), (12, 290), (12, 162), (12, 311), (12, 279), (12, 159), (12, 25), (12, 173), (12, 28), (12, 283), (12, 253), (12, 276), (12, 138), (12, 134), (12, 133), (12, 257), (12, 266), (12, 304), (12, 291), (12, 322), (12, 119), (12, 118), (12, 113), (12, 239), (12, 107), (12, 105), (12, 229), (12, 224), (12, 221), (12, 194), (12, 166), (12, 317), (12, 315), (12, 185), (12, 180), (12, 124), (12, 303), (12, 174), (12, 298), (12, 167), (12, 129)]
 Manual:
  [(1, 10), (1, 7), (1, 5), (1, 13), (1, 11), (1, 3), (1, 13), (1, 6), (1, 1), (1, 5), (1, 4), (1, 8), (1, 13), (1, 8), (1, 6), (1, 5), (1, 11), (1, 6), (1, 5), (1, 13), (1, 10), (1, 11), (1, 5), (1, 13), (1, 5), (1, 11), (1, 6), (1, 10), (1, 7), (1, 6), (1, 13), (1, 13), (1, 7), (1, 13), (1, 11), (2, 1), (2, 11), (2, 9), (2, 3), (2, 6), (2, 5), (2, 11), (2, 6), (2, 5), (2, 6), (2, 1), (2, 5), (2, 5), (2, 5), (2, 6), (2, 6), (2, 6), (2, 9), (2, 5), (2, 5), (2, 9), (2, 6), (2, 5), (2, 9), (2, 5), (2, 6), (2, 6), (2, 6), (3, 18), (3, 14), (3, 16), (3, 2), (3, 4), (3, 6), (3, 4), (3, 5), (3, 11), (3, 12), (3, 5), (3, 7), (3, 5), (3, 9), (3, 1), (3, 16), (3, 10), (3, 1), (3, 12), (3, 4), (3, 20), (3, 1), (3, 1), (3, 5), (3, 1), (3, 1), (3, 1), (3, 10), (3, 1), (3, 1), (3, 12), (3, 9), (3, 1), (3, 1), (3, 9), (3, 9), (3, 12), (3, 16), (3, 12), (3, 1), (3, 12), (3, 1), (3, 1), (3, 12), (3, 1), (3, 1), (3, 5), (3, 12), (3, 1), (3, 1), (3, 1), (3, 1), (3, 12), (3, 12), (3, 1), (3, 1), (3, 12), (3, 10), (3, 12), (3, 12), (3, 1), (3, 1), (3, 12), (3, 1), (3, 1), (3, 5), (3, 1), (3, 1), (3, 12), (3, 1), (3, 9), (3, 9), (3, 9), (3, 9), (3, 9), (3, 1), (3, 12), (3, 5), (4, 13), (4, 6), (4, 8), (4, 1), (4, 11), (4, 17), (4, 16), (4, 15), (4, 15), (4, 10), (4, 9), (4, 1), (4, 1), (4, 9), (4, 16), (4, 3), (4, 1), (4, 3), (4, 1), (4, 15), (4, 15), (4, 1), (4, 15), (4, 1), (4, 3), (4, 15), (4, 1), (4, 3), (4, 3), (4, 1), (4, 3), (4, 15), (5, 10), (5, 13), (5, 21), (5, 19), (5, 17), (5, 2), (5, 2), (5, 4), (5, 18), (5, 8), (5, 8), (5, 12), (5, 7), (5, 6), (5, 6), (5, 7), (5, 8), (5, 8), (5, 12), (5, 17), (5, 18), (5, 8), (5, 15), (5, 14), (5, 8), (5, 21), (5, 2), (5, 21), (5, 12), (5, 17), (5, 17), (5, 2), (5, 17), (5, 21), (5, 17), (5, 17), (5, 6), (5, 8), (5, 7), (5, 14), (5, 14), (5, 8), (5, 8), (5, 8), (5, 8), (5, 17), (5, 19), (5, 14), (5, 19), (5, 14), (5, 8), (5, 19), (5, 15), (5, 14), (5, 8), (5, 2), (5, 21), (5, 15), (5, 2), (5, 15), (5, 15), (5, 18), (5, 8), (5, 17), (5, 18), (5, 15), (5, 15), (5, 17), (5, 8), (5, 15), (5, 8), (5, 17), (5, 17), (6, 21), (6, 13), (6, 5), (6, 1), (6, 3), (6, 19), (6, 15), (6, 8), (6, 6), (6, 7), (6, 10), (6, 3), (6, 5), (6, 5), (6, 3), (6, 17), (6, 17), (6, 17), (6, 17), (6, 8), (6, 3), (6, 17), (6, 5), (6, 5), (6, 17), (7, 4), (7, 5), (7, 7), (7, 11), (7, 14), (7, 25), (7, 9), (7, 20), (7, 13), (7, 16), (7, 9), (7, 16), (7, 13), (7, 5), (7, 20), (7, 27), (7, 27), (7, 20), (7, 27), (7, 27), (7, 9), (7, 27), (7, 27), (7, 27), (7, 16), (7, 27), (7, 27), (7, 20), (7, 9), (7, 27), (7, 27), (7, 27), (7, 20), (7, 20), (7, 20), (7, 1), (7, 5), (7, 27), (7, 27), (7, 20), (7, 27), (7, 20), (7, 20), (7, 20), (7, 27), (7, 20), (7, 20), (7, 13), (7, 7), (7, 27), (7, 27), (7, 20), (7, 13), (7, 13), (7, 27), (7, 1), (7, 27), (7, 1), (7, 20), (7, 27), (7, 1), (7, 20), (7, 20), (7, 1), (7, 27), (7, 27), (7, 1), (7, 20), (7, 1), (7, 27), (8, 4), (8, 3), (8, 3), (8, 5), (8, 5), (8, 5), (8, 5), (8, 4), (8, 5), (8, 5), (8, 5), (9, 1), (9, 5), (9, 13), (9, 4), (9, 11), (9, 7), (9, 7), (9, 2), (9, 9), (9, 2), (9, 2), (9, 2), (9, 11), (9, 5), (9, 2), (9, 1), (9, 2), (9, 7), (9, 4), (9, 2), (9, 2), (9, 4), (9, 2), (9, 7), (9, 4), (9, 7), (9, 16), (9, 4), (9, 2), (9, 16), (9, 5), (9, 2), (9, 11), (9, 2), (9, 2), (9, 11), (9, 5), (10, 1), (10, 9), (10, 11), (10, 7), (10, 2), (10, 1), (10, 5), (10, 8), (10, 1), (10, 2), (10, 2), (10, 1), (10, 1), (10, 8), (10, 1), (10, 8), (10, 9), (10, 8), (10, 8), (10, 2), (10, 2), (10, 2), (10, 2), (10, 8), (10, 2), (10, 8), (10, 2), (10, 1), (10, 1), (10, 8), (10, 8), (11, 2), (11, 7), (11, 1), (11, 5), (11, 4), (12, 4), (12, 17), (12, 14), (12, 16), (12, 1), (12, 7), (12, 8), (12, 5), (12, 2), (12, 11), (12, 11), (12, 2), (12, 11), (12, 11), (12, 1), (12, 2), (12, 2), (12, 2), (12, 8), (12, 5), (12, 8), (12, 8), (12, 11), (12, 16), (12, 5), (12, 5), (12, 8), (12, 8), (12, 2), (12, 8), (12, 5), (12, 8), (12, 1), (12, 2), (12, 8), (12, 1), (12, 2), (12, 11), (12, 2), (12, 5), (12, 8), (12, 8), (12, 8), (12, 2), (12, 2), (12, 2), (12, 8), (12, 8), (12, 8), (12, 8), (12, 8), (12, 2), (12, 5), (12, 5), (12, 8), (12, 2), (12, 5), (12, 2), (12, 2), (12, 2), (12, 2), (12, 2), (12, 8), (12, 8), (12, 2), (12, 2), (12, 5), (12, 8), (12, 11), (12, 8), (12, 11), (12, 5)]

Remainders: [(Movie,Trackn),]
 Automatic:
  [(3, 13), (4, 4), (5, 16), (8, 1), (8, 2), (8, 6), (9, 14), (10, 4)]
 Manual:
  [(3, 13), (4, 4), (5, 16), (8, 1), (8, 2), (8, 6), (9, 14), (10, 4)]