Original Paths:
  Automatic: C:/Users/Harrison Truscott/Documents/GitHub/cell-tracking/gcp_transfer/Segmentation Analysis/2023.4.2 OptoTiam Exp 53/qc_tracks_smoothed.pkl
  Manual: C:/Users/Harrison Truscott/Documents/GitHub/cell-tracking/gcp_transfer/Segmentation Analysis/2023.4.2 OptoTiam Exp 53 $manual/qc_tracks_smoothed.pkl
Associations: (Movie: [('Automatic', 'Manual'),])
{
  1: [(6, 2), (22, 5), (2, 1), (21, 11), (0, 9)],
  2: [(2, 4), (6, 1), (49, 2), (61, 7)],
  3: [(5, 12), (2, 8), (32, 11), (4, 2), (18, 15), (43, 4), (7, 15)],
  4: [(1, 1), (2, 13), (10, 2), (5, 9), (17, 4), (24, 14), (60, 15), (4, 12), (9, 3), (8, 7), (40, 5), (6, 11), (7, 8)],
  5: [(163, 12), (1, 6), (31, 5), (15, 2), (69, 9), (57, 3), (257, 3)],
  6: [(5, 2), (2, 9), (23, 11), (3, 8), (1, 1), (11, 14), (8, 15), (80, 6), (20, 6), (52, 16)],
  7: [(8, 6), (2, 10), (7, 5), (22, 3), (4, 1), (1, 2), (13, 9), (102, 1), (71, 4)],
  8: [(14, 3)],
  9: [(11, 12), (6, 10), (28, 4), (5, 9), (25, 3), (7, 7)],
  10: [(7, 4), (3, 10), (25, 3), (33, 8), (30, 1)],
}

Inclusions: [(Movie,Trackn),]
 Automatic:
  [(1, 6), (1, 22), (1, 2), (1, 21), (1, 0), (2, 2), (2, 6), (2, 49), (2, 61), (3, 5), (3, 2), (3, 32), (3, 4), (3, 18), (3, 43), (3, 7), (4, 1), (4, 2), (4, 10), (4, 5), (4, 17), (4, 24), (4, 60), (4, 4), (4, 9), (4, 8), (4, 40), (4, 6), (4, 7), (5, 163), (5, 1), (5, 31), (5, 15), (5, 69), (5, 57), (5, 257), (6, 5), (6, 2), (6, 23), (6, 3), (6, 1), (6, 11), (6, 8), (6, 80), (6, 20), (6, 52), (7, 8), (7, 2), (7, 7), (7, 22), (7, 4), (7, 1), (7, 13), (7, 102), (7, 71), (8, 14), (9, 11), (9, 6), (9, 28), (9, 5), (9, 25), (9, 7), (10, 7), (10, 3), (10, 25), (10, 33), (10, 30)]
 Manual:
  [(1, 2), (1, 5), (1, 1), (1, 11), (1, 9), (2, 4), (2, 1), (2, 2), (2, 7), (3, 12), (3, 8), (3, 11), (3, 2), (3, 15), (3, 4), (3, 15), (4, 1), (4, 13), (4, 2), (4, 9), (4, 4), (4, 14), (4, 15), (4, 12), (4, 3), (4, 7), (4, 5), (4, 11), (4, 8), (5, 12), (5, 6), (5, 5), (5, 2), (5, 9), (5, 3), (5, 3), (6, 2), (6, 9), (6, 11), (6, 8), (6, 1), (6, 14), (6, 15), (6, 6), (6, 6), (6, 16), (7, 6), (7, 10), (7, 5), (7, 3), (7, 1), (7, 2), (7, 9), (7, 1), (7, 4), (8, 3), (9, 12), (9, 10), (9, 4), (9, 9), (9, 3), (9, 7), (10, 4), (10, 10), (10, 3), (10, 8), (10, 1)]

Remainders: [(Movie,Trackn),]
 Automatic:
  [(1, 3), (1, 4), (1, 8), (1, 10), (2, 6), (3, 3), (3, 7), (3, 14), (5, 10), (6, 13), (8, 4), (9, 1), (9, 5), (10, 5), (10, 9)]
 Manual:
  [(1, 3), (1, 4), (1, 8), (1, 10), (2, 6), (3, 3), (3, 7), (3, 14), (5, 10), (6, 13), (8, 4), (9, 1), (9, 5), (10, 5), (10, 9)]